zipf, time, memory, ratio, thread, mutex
1.0, 1.8999999999999999, 376800, 0.0, 1.3144199999999997, 1048576
1.0, 1.8999999999999999, 376800, 0.0, 1.25153, 1048576
1.0, 1.8999999999999999, 376800, 0.0, 1.3393099999999998, 1048576
1.0, 1.8999999999999999, 376800, 0.0, 1.20973, 1048576
1.0, 1.8899999999999999, 376800, 0.0, 1.290114, 1048576
1.5, 0.44, 33328, 0.0499790004199916, 0.18867200000000001, 1048576
1.5, 0.44, 33328, 0.0, 0.25489200000000001, 1048576
1.5, 0.44, 33328, 0.0, 0.18128, 1048576
1.5, 0.44, 33392, 0.0, 0.284856, 1048576
1.5, 0.44, 33328, 0.0, 0.23848000000000003, 1048576
2.0, 0.40999999999999998, 29920, 0.0, 0.27346999999999999, 1048576
2.0, 0.40999999999999998, 29920, 0.0, 0.21877599999999997, 1048576
2.0, 0.40000000000000002, 29920, 0.0, 0.20963999999999999, 1048576
2.0, 0.40000000000000002, 29920, 0.0, 0.24628, 1048576
2.0, 0.40000000000000002, 29920, 0.077005923532579443, 0.15719999999999998, 1048576
2.5, 0.40000000000000002, 29536, 0.0, 0.21063999999999999, 1048576
2.5, 0.40000000000000002, 29520, 0.0, 0.23172000000000001, 1048576
2.5, 0.40000000000000002, 29536, 0.062586335139730095, 0.18836000000000003, 1048576
2.5, 0.40999999999999998, 29536, 0.071466838101360758, 0.24612299999999998, 1048576
2.5, 0.40000000000000002, 29536, 0.0, 0.31596000000000002, 1048576
3.0, 0.40000000000000002, 29232, 0.0, 0.24628, 1048576
3.0, 0.40000000000000002, 29232, 0.0, 0.24012, 1048576
3.0, 0.40000000000000002, 29232, 0.0, 0.22236000000000003, 1048576
3.0, 0.40000000000000002, 29232, 0.0, 0.24012, 1048576
3.0, 0.40000000000000002, 29232, 0.0, 0.26680000000000004, 1048576
3.5, 0.40000000000000002, 29072, 0.0, 0.25896000000000002, 1048576
3.5, 0.40000000000000002, 29072, 0.0, 0.25348000000000004, 1048576
3.5, 0.40000000000000002, 29072, 0.077005923532579443, 0.20011999999999999, 1048576
3.5, 0.40000000000000002, 29072, 0.0, 0.18836000000000003, 1048576
3.5, 0.40000000000000002, 29072, 0.071466838101360758, 0.21344000000000002, 1048576
4.0, 0.40000000000000002, 29024, 0.13340133741357812, 0.22364000000000001, 1048576
4.0, 0.40000000000000002, 29024, 0.058873358746293944, 0.26680000000000004, 1048576
4.0, 0.40000000000000002, 29024, 0.0, 0.24012, 1048576
4.0, 0.40000000000000002, 29024, 0.0499790004199916, 0.20011999999999999, 1048576
4.0, 0.40000000000000002, 29024, 0.0, 0.35020000000000001, 1048576
4.5, 0.40000000000000002, 28976, 0.0, 0.12508, 1048576
4.5, 0.40000000000000002, 28976, 0.0, 0.23764000000000002, 1048576
4.5, 0.40000000000000002, 28976, 0.055631795629684358, 0.16852, 1048576
4.5, 0.41999999999999998, 28976, 0.0, 0.22117199999999998, 1048576
4.5, 0.40000000000000002, 28976, 0.0, 0.29247999999999996, 1048576
