zipf, time, memory, ratio, thread, mutex
1.0, 1.9299999999999999, 372656, 0.0, 1.2724490000000002, 1048576
1.0, 1.9299999999999999, 372656, 0.0, 1.3031359999999999, 1048576
1.0, 1.8899999999999999, 381824, 0.0, 1.2606299999999999, 1048576
1.0, 2.0600000000000001, 372656, 0.0, 1.2273479999999999, 1048576
1.0, 2.0600000000000001, 372640, 0.0, 1.1733760000000002, 1048576
1.0, 2.0600000000000001, 372656, 0.0071507704703394088, 1.2572179999999999, 1048576
1.0, 2.0699999999999998, 372640, 0.0, 1.2548339999999998, 1048576
1.0, 2.0600000000000001, 372656, 0.0069479407914610804, 1.307688, 1048576
1.0, 2.0499999999999998, 372672, 0.0, 1.3076949999999998, 1048576
1.0, 2.0600000000000001, 372640, 0.0, 1.2673120000000002, 1048576
1.0, 2.0600000000000001, 372656, 0.0, 1.236618, 1048576
1.0, 2.0499999999999998, 372640, 0.0072522159548751002, 1.3134349999999997, 1048576
1.0, 2.0600000000000001, 372640, 0.0, 1.264222, 1048576
1.0, 2.0600000000000001, 372640, 0.0, 1.2310559999999999, 1048576
1.0, 2.0600000000000001, 372656, 0.0, 1.2395020000000001, 1048576
1.0, 2.0600000000000001, 372656, 0.0, 1.186766, 1048576
1.0, 2.0499999999999998, 381824, 0.0, 1.1699349999999999, 1048576
1.0, 2.0600000000000001, 372656, 0.0, 1.2337340000000001, 1048576
1.0, 2.0800000000000001, 372640, 0.0, 1.1562720000000002, 1048576
1.0, 2.0600000000000001, 372656, 0.0, 1.236618, 1048576
1.0, 2.0600000000000001, 372656, 0.0, 1.3002719999999999, 1048576
1.0, 2.04, 381824, 0.0, 1.24644, 1048576
1.0, 2.0499999999999998, 372640, 0.0, 1.2535749999999999, 1048576
1.0, 2.0699999999999998, 372656, 0.0, 1.3030649999999999, 1048576
1.0, 2.1000000000000001, 372656, 0.0071507704703394088, 1.2667200000000001, 1048576
1.0, 2.0600000000000001, 372656, 0.0, 1.3556859999999999, 1048576
1.0, 2.0299999999999998, 381808, 0.0, 1.1759789999999999, 1048576
1.0, 2.0600000000000001, 372640, 0.0070493454179254783, 1.2918260000000001, 1048576
1.0, 2.0600000000000001, 372656, 0.0, 1.1451540000000002, 1048576
1.0, 2.0699999999999998, 372656, 0.0, 1.301823, 1048576
1.0, 2.0600000000000001, 372656, 0.0, 1.1517459999999999, 1048576
1.0, 2.0600000000000001, 372656, 0.0, 1.253098, 1048576
1.0, 2.1200000000000001, 372656, 0.0035122930255895631, 1.266912, 1048576
1.0, 2.0600000000000001, 372640, 0.0070493454179254783, 1.2106620000000001, 1048576
1.0, 2.0600000000000001, 372640, 0.0, 1.2613379999999998, 1048576
1.0, 2.0600000000000001, 372640, 0.0, 1.182234, 1048576
1.0, 2.0600000000000001, 372656, 0.0073536818777072627, 1.2036580000000001, 1048576
1.0, 2.0600000000000001, 372656, 0.0, 1.209838, 1048576
1.0, 2.0699999999999998, 372640, 0.0, 1.2809159999999999, 1048576
1.0, 2.0600000000000001, 372640, 0.0073536818777072627, 1.1500980000000001, 1048576
1.0, 2.0299999999999998, 381824, 0.0, 1.2638779999999998, 1048576
1.0, 2.0600000000000001, 372640, 0.0, 1.236618, 1048576
1.0, 2.0600000000000001, 372656, 0.0, 1.15669, 1048576
1.0, 2.0699999999999998, 372656, 0.0, 1.26891, 1048576
1.0, 2.0499999999999998, 372640, 0.007556675062972292, 1.2398399999999998, 1048576
1.0, 2.0699999999999998, 372656, 0.0, 1.2927150000000001, 1048576
1.0, 2.0600000000000001, 372640, 0.0073536818777072627, 1.18862, 1048576
1.0, 2.0600000000000001, 372656, 0.0, 1.278024, 1048576
1.0, 2.0600000000000001, 372640, 0.0, 1.227554, 1048576
1.0, 2.1400000000000001, 381824, 0.0073536818777072627, 1.266024, 1048576
1.5, 2.0499999999999998, 387776, 0.0, 1.230615, 1048541
1.5, 2.0499999999999998, 383168, 0.0, 1.1699349999999999, 1048541
1.5, 2.0499999999999998, 383168, 0.0, 1.2484499999999998, 1048541
1.5, 2.0499999999999998, 383168, 0.0, 1.340085, 1048541
1.5, 2.0499999999999998, 383168, 0.0069479407914610804, 1.2589049999999999, 1048541
1.5, 2.0499999999999998, 391312, 0.0, 1.2140099999999998, 1048541
1.5, 2.0499999999999998, 383152, 0.0, 1.2535749999999999, 1048541
1.5, 2.0499999999999998, 383168, 0.0, 1.2133949999999998, 1048541
1.5, 2.04, 383168, 0.0069479407914610804, 1.224612, 1048541
1.5, 2.0499999999999998, 383168, 0.0, 1.204785, 1048541
1.5, 2.0499999999999998, 383168, 0.007556675062972292, 1.17875, 1048541
1.5, 2.0699999999999998, 383168, 0.0, 1.258146, 1048541
1.5, 2.0499999999999998, 383168, 0.0072522159548751002, 1.2248749999999999, 1048541
1.5, 2.0600000000000001, 383168, 0.0, 1.1690499999999999, 1048541
1.5, 2.04, 388960, 0.0, 1.2550080000000001, 1048541
1.5, 2.0499999999999998, 383168, 0.0, 1.1867449999999999, 1048541
1.5, 2.0499999999999998, 383168, 0.0, 1.222005, 1048541
1.5, 2.0499999999999998, 383168, 0.0, 1.2113450000000001, 1048541
1.5, 2.0499999999999998, 383168, 0.0, 1.217495, 1048541
1.5, 2.02, 388976, 0.0, 1.2392700000000001, 1048541
1.5, 2.0499999999999998, 383152, 0.0, 1.1939199999999999, 1048541
1.5, 2.0499999999999998, 383168, 0.014404544532359504, 1.1783399999999999, 1048541
1.5, 2.0499999999999998, 383152, 0.0, 1.2277449999999999, 1048541
1.5, 2.0499999999999998, 383168, 0.0, 1.2783799999999998, 1048541
1.5, 2.0099999999999998, 388976, 0.0, 1.302279, 1048541
1.5, 2.0499999999999998, 383152, 0.0, 1.289245, 1048541
1.5, 2.0499999999999998, 383152, 0.0, 1.200275, 1048541
1.5, 2.0600000000000001, 383168, 0.0, 1.2553639999999999, 1048541
1.5, 2.1800000000000002, 383168, 0.0, 1.2848920000000001, 1048541
1.5, 2.0499999999999998, 383168, 0.0, 1.124425, 1048541
1.5, 2.0499999999999998, 383168, 0.0, 1.2113449999999999, 1048541
1.5, 2.0499999999999998, 383168, 0.0036130068245684463, 1.2101150000000001, 1048541
1.5, 2.0499999999999998, 383168, 0.0, 1.222005, 1048541
1.5, 2.0499999999999998, 383168, 0.0076582023377670299, 1.15866, 1048541
1.5, 2.0499999999999998, 383168, 0.0, 1.1978149999999999, 1048541
1.5, 2.0499999999999998, 383168, 0.0038144950813089741, 1.149845, 1048541
1.5, 2.0499999999999998, 383168, 0.0, 1.2580849999999999, 1048541
1.5, 2.0499999999999998, 383168, 0.0074551682450130965, 1.200275, 1048541
1.5, 2.0499999999999998, 383168, 0.0, 1.2484499999999998, 1048541
1.5, 2.0600000000000001, 383168, 0.0, 1.2971820000000001, 1048541
1.5, 2.0499999999999998, 383168, 0.0, 1.2535749999999999, 1048541
1.5, 2.0499999999999998, 383168, 0.0069479407914610804, 1.28207, 1048541
1.5, 2.0499999999999998, 383168, 0.0070493454179254783, 1.2133949999999998, 1048541
1.5, 2.0600000000000001, 383168, 0.0, 1.166372, 1048541
1.5, 2.0499999999999998, 383152, 0.0, 1.17875, 1048541
1.5, 1.9199999999999999, 383168, 0.0036130068245684463, 1.2527999999999999, 1048541
1.5, 1.9199999999999999, 383168, 0.0, 1.2612479999999999, 1048541
1.5, 1.9199999999999999, 383168, 0.0, 1.28064, 1048541
1.5, 1.9299999999999999, 383152, 0.0, 1.2494819999999998, 1048541
1.5, 1.9199999999999999, 383168, 0.0081661457808246806, 1.265088, 1048541
2.0, 1.9199999999999999, 385232, 0.0, 1.249536, 1048576
2.0, 1.9099999999999999, 385232, 0.0, 1.3121700000000001, 1048576
2.0, 1.9299999999999999, 385216, 0.0, 1.3093119999999998, 1048576
2.0, 1.9199999999999999, 385216, 0.0, 1.2756479999999999, 1048576
2.0, 1.9199999999999999, 385216, 0.0, 1.3009919999999999, 1048576
2.0, 1.9099999999999999, 385232, 0.0, 1.298991, 1048576
2.0, 1.9199999999999999, 385216, 0.0076582023377670299, 1.3491839999999999, 1048576
2.0, 1.9199999999999999, 385216, 0.007556675062972292, 1.3144319999999998, 1048576
2.0, 1.9099999999999999, 385216, 0.0, 1.2134229999999999, 1048576
2.0, 1.9199999999999999, 385232, 0.0, 1.311936, 1048576
2.0, 1.9299999999999999, 385232, 0.0, 1.2925209999999998, 1048576
2.0, 1.9099999999999999, 385232, 0.0081661457808246806, 1.2791269999999999, 1048576
2.0, 1.9199999999999999, 385216, 0.0, 1.2606719999999998, 1048576
2.0, 1.9299999999999999, 385232, 0.0076582023377670299, 1.3562109999999998, 1048576
2.0, 1.9299999999999999, 385232, 0.0, 1.3295769999999998, 1048576
2.0, 1.8799999999999999, 389072, 0.0, 1.2197439999999999, 1048576
2.0, 1.9199999999999999, 385232, 0.0, 1.3322880000000001, 1048576
2.0, 1.9199999999999999, 385232, 0.0, 1.2591359999999998, 1048576
2.0, 1.9199999999999999, 385232, 0.011122345803842266, 1.3136639999999999, 1048576
2.0, 1.9199999999999999, 385232, 0.0, 1.2543359999999999, 1048576
2.0, 1.8999999999999999, 389072, 0.01163378856853819, 1.30606, 1048576
2.0, 1.9099999999999999, 385216, 0.0, 1.2789359999999999, 1048576
2.0, 1.9199999999999999, 385216, 0.0, 1.2543359999999999, 1048576
2.0, 1.9099999999999999, 385216, 0.0, 1.3362359999999998, 1048576
2.0, 1.9199999999999999, 385232, 0.0, 1.2606719999999998, 1048576
2.0, 1.8999999999999999, 389104, 0.0, 1.1861699999999999, 1048576
2.0, 1.9199999999999999, 385232, 0.0, 1.3322880000000001, 1048576
2.0, 1.9099999999999999, 385232, 0.0, 1.303766, 1048576
2.0, 1.9099999999999999, 385216, 0.0, 1.2588809999999999, 1048576
2.0, 1.9199999999999999, 385216, 0.0079629069650236882, 1.3009919999999999, 1048576
2.0, 1.9099999999999999, 385232, 0.0, 1.279318, 1048576
2.0, 1.9099999999999999, 385232, 0.0, 1.2231639999999999, 1048576
2.0, 1.9199999999999999, 385232, 0.0, 1.32768, 1048576
2.0, 1.9199999999999999, 385216, 0.0, 1.219776, 1048576
2.0, 1.9099999999999999, 385216, 0.0, 1.216097, 1048576
2.0, 1.9099999999999999, 385216, 0.0, 1.285239, 1048576
2.0, 1.9099999999999999, 385232, 0.0, 1.3408199999999999, 1048576
2.0, 1.9199999999999999, 385232, 0.007861318282604314, 1.310592, 1048576
2.0, 1.9199999999999999, 385232, 0.0, 1.30464, 1048576
2.0, 1.9199999999999999, 385232, 0.0, 1.1834879999999999, 1048576
2.0, 1.9199999999999999, 385232, 0.0084711577248890689, 1.22688, 1048576
2.0, 1.9199999999999999, 385232, 0.0080645161290322578, 1.2756479999999999, 1048576
2.0, 1.9199999999999999, 385232, 0.0089799212995661393, 1.1834879999999999, 1048576
2.0, 1.9199999999999999, 385232, 0.014919313914543793, 1.2854400000000001, 1048576
2.0, 1.9199999999999999, 385232, 0.0, 1.28064, 1048576
2.0, 1.9199999999999999, 385232, 0.0, 1.2860159999999998, 1048576
2.0, 1.8799999999999999, 389088, 0.0, 1.25396, 1048576
2.0, 1.9099999999999999, 385232, 0.012658227848101266, 1.210367, 1048576
2.0, 1.9099999999999999, 385232, 0.0080645161290322578, 1.2231639999999999, 1048576
2.0, 1.9199999999999999, 385232, 0.0, 1.306368, 1048576
2.5, 1.9299999999999999, 546480, 0.0, 1.358913, 1048576
2.5, 1.9299999999999999, 546480, 0.0, 1.2434990000000001, 1048576
2.5, 1.9399999999999999, 579184, 0.0, 1.26003, 1048576
2.5, 1.9399999999999999, 546464, 0.0, 1.3094999999999999, 1048576
2.5, 1.9299999999999999, 546480, 0.0, 1.2425339999999998, 1048576
2.5, 1.9199999999999999, 546480, 0.0, 1.2858240000000001, 1048576
2.5, 1.9299999999999999, 546480, 0.0, 1.2608689999999998, 1048576
2.5, 1.9399999999999999, 579184, 0.0, 1.278654, 1048576
2.5, 1.9399999999999999, 546480, 0.0, 1.2152159999999999, 1048576
2.5, 1.9299999999999999, 546480, 0.0072522159548751002, 1.278046, 1048576
2.5, 1.9299999999999999, 546480, 0.0039152695512498746, 1.28731, 1048576
2.5, 1.9299999999999999, 546480, 0.0, 1.252184, 1048576
2.5, 1.9399999999999999, 546480, 0.0, 1.3242440000000002, 1048576
2.5, 1.9399999999999999, 546464, 0.0, 1.346166, 1048576
2.5, 1.9399999999999999, 546480, 0.0074551682450130965, 1.2652679999999998, 1048576
2.5, 1.9399999999999999, 546480, 0.0079629069650236882, 1.238108, 1048576
2.5, 1.9299999999999999, 546464, 0.0, 1.3131720000000002, 1048576
2.5, 2.0699999999999998, 546480, 0.0076582023377670299, 1.1856959999999999, 1048576
2.5, 2.0600000000000001, 546480, 0.0, 1.2125159999999999, 1048576
2.5, 2.0699999999999998, 546464, 0.0, 1.2517289999999999, 1048576
2.5, 2.0600000000000001, 546480, 0.0, 1.218696, 1048576
2.5, 2.0699999999999998, 546480, 0.0, 1.233927, 1048576
2.5, 2.0600000000000001, 546464, 0.0, 1.2061299999999999, 1048576
2.5, 2.0600000000000001, 546480, 0.0, 1.2458879999999999, 1048576
2.5, 2.0699999999999998, 546480, 0.0, 1.2600089999999999, 1048576
2.5, 2.0600000000000001, 546464, 0.0, 1.1313520000000001, 1048576
2.5, 2.0699999999999998, 546480, 0.0, 1.2457259999999999, 1048576
2.5, 2.0699999999999998, 546480, 0.0, 1.2397229999999999, 1048576
2.5, 2.0600000000000001, 546480, 0.0, 1.2382660000000001, 1048576
2.5, 2.0600000000000001, 546480, 0.0, 1.248772, 1048576
2.5, 2.0699999999999998, 546480, 0.0, 1.1811419999999999, 1048576
2.5, 2.0699999999999998, 546480, 0.0, 1.2157109999999998, 1048576
2.5, 2.0600000000000001, 546464, 0.0, 1.256394, 1048576
2.5, 2.0699999999999998, 546464, 0.0, 1.2606299999999999, 1048576
2.5, 2.0600000000000001, 546480, 0.0, 1.2535099999999999, 1048576
2.5, 2.0699999999999998, 546496, 0.0, 1.181349, 1048576
2.5, 2.0699999999999998, 546480, 0.0, 1.2540059999999997, 1048576
2.5, 2.0600000000000001, 546480, 0.0, 1.2061299999999999, 1048576
2.5, 2.0699999999999998, 546480, 0.0, 1.2633209999999999, 1048576
2.5, 2.0699999999999998, 546464, 0.0, 1.2157109999999998, 1048576
2.5, 2.0600000000000001, 546464, 0.0, 1.196242, 1048576
2.5, 2.0600000000000001, 546480, 0.0, 1.221992, 1048576
2.5, 2.0600000000000001, 546464, 0.0, 1.1575139999999999, 1048576
2.5, 2.0699999999999998, 546480, 0.0, 1.258146, 1048576
2.5, 2.0699999999999998, 546480, 0.010203050813213457, 1.1896289999999998, 1048576
2.5, 2.0699999999999998, 546480, 0.0, 1.258146, 1048576
2.5, 1.9199999999999999, 546480, 0.0, 1.2862079999999998, 1048576
2.5, 2.0699999999999998, 546480, 0.0, 1.2703589999999998, 1048576
2.5, 2.0699999999999998, 546464, 0.0, 1.242621, 1048576
2.5, 2.3100000000000001, 546480, 0.0, 1.3566630000000002, 1048576
3.0, 1.9099999999999999, 705584, 0.0, 1.363167, 1044338
3.0, 1.9199999999999999, 705712, 0.0, 1.36608, 1044723
3.0, 1.9099999999999999, 705632, 0.0, 1.3839859999999999, 1044443
3.0, 1.9199999999999999, 730224, 0.0038144950813089741, 1.1207039999999999, 1044543
3.0, 1.9199999999999999, 705728, 0.0, 1.15584, 1044918
3.0, 1.9199999999999999, 705696, 0.0, 1.3198079999999999, 1044610
3.0, 1.9099999999999999, 705648, 0.0, 1.3270680000000001, 1043838
3.0, 1.9199999999999999, 705680, 0.007556675062972292, 1.1756159999999998, 1044690
3.0, 1.9199999999999999, 754848, 0.0, 1.1351039999999999, 1044921
3.0, 1.9099999999999999, 705696, 0.0, 1.192604, 1044712
3.0, 1.9199999999999999, 705664, 0.0, 1.3128959999999998, 1044533
3.0, 1.9099999999999999, 705680, 0.0, 1.2069289999999999, 1044588
3.0, 1.9199999999999999, 705744, 0.0083694665725521818, 1.143168, 1044745
3.0, 1.9199999999999999, 746496, 0.0, 1.31904, 1044272
3.0, 1.9299999999999999, 705584, 0.0, 1.131559, 1043379
3.0, 2.0, 705696, 0.022076860179885527, 1.1374, 1044419
3.0, 1.9099999999999999, 705680, 0.0, 1.3669869999999997, 1044392
3.0, 1.9099999999999999, 705680, 0.0081661457808246806, 1.1498200000000001, 1044848
3.0, 1.9199999999999999, 746608, 0.0074551682450130965, 1.144128, 1044877
3.0, 1.9199999999999999, 705712, 0.0038144950813089741, 1.2904319999999998, 1044649
3.0, 1.9199999999999999, 705680, 0.0069479407914610804, 1.2983039999999999, 1044533
3.0, 2.0099999999999998, 712192, 0.0, 1.095048, 1044827
3.0, 1.9099999999999999, 705696, 0.0036130068245684463, 1.3610660000000001, 1044826
3.0, 1.9099999999999999, 746592, 0.0074551682450130965, 1.3209559999999998, 1044602
3.0, 2.0, 705696, 0.011326860841423949, 1.2396, 1044499
3.0, 1.9199999999999999, 705600, 0.0, 1.1950080000000001, 1043967
3.0, 1.9099999999999999, 705680, 0.0, 1.2831380000000001, 1044567
3.0, 1.9199999999999999, 705680, 0.0, 1.1439359999999998, 1044798
3.0, 1.9199999999999999, 746544, 0.0, 1.3568639999999998, 1044451
3.0, 1.9199999999999999, 706624, 0.0079629069650236882, 1.1646719999999999, 1044317
3.0, 1.9199999999999999, 705728, 0.0, 1.3624319999999996, 1044957
3.0, 1.9199999999999999, 705680, 0.0, 1.418304, 1044623
3.0, 1.9199999999999999, 705664, 0.0, 1.3664639999999999, 1044628
3.0, 1.9099999999999999, 746480, 0.0, 1.212277, 1044043
3.0, 1.9099999999999999, 710752, 0.0, 1.212277, 1044672
3.0, 1.9099999999999999, 705712, 0.0073536818777072627, 1.178852, 1044659
3.0, 1.9399999999999999, 705712, 0.0, 1.280594, 1044775
3.0, 1.9199999999999999, 705712, 0.0, 1.229568, 1044709
3.0, 1.9199999999999999, 746592, 0.0, 1.2117119999999999, 1044660
3.0, 1.9199999999999999, 705296, 0.0076582023377670299, 1.1439359999999998, 1042798
3.0, 1.9199999999999999, 705696, 0.0, 1.2990719999999998, 1044755
3.0, 1.9199999999999999, 705680, 0.0, 1.2687359999999999, 1044610
3.0, 1.9199999999999999, 705536, 0.0, 1.360128, 1043249
3.0, 1.9199999999999999, 705712, 0.0, 1.2430079999999999, 1044761
3.0, 1.8799999999999999, 710464, 0.0042177144004820243, 1.06596, 1045393
3.0, 1.9399999999999999, 705696, 0.0, 1.1484799999999999, 1044583
3.0, 1.9399999999999999, 705680, 0.0073536818777072627, 1.3502399999999997, 1044571
3.0, 1.9199999999999999, 713248, 0.0, 1.3267199999999999, 1043324
3.0, 1.9199999999999999, 705696, 0.0, 1.2760319999999998, 1044839
3.0, 1.8700000000000001, 710432, 0.0, 1.2629980000000003, 1044237
3.5, 2.02, 762992, 0.0071507704703394088, 1.22715, 1046278
3.5, 1.9199999999999999, 747664, 0.0, 1.158528, 1046518
3.5, 1.9199999999999999, 747664, 0.0, 1.3491839999999999, 1046573
3.5, 1.9199999999999999, 747664, 0.007556675062972292, 1.30464, 1046540
3.5, 1.9199999999999999, 747664, 0.0, 1.1919359999999999, 1046463
3.5, 2.0299999999999998, 758704, 0.0, 1.3077259999999997, 1046495
3.5, 1.9199999999999999, 747664, 0.0, 1.307904, 1046550
3.5, 1.9199999999999999, 747664, 0.0079629069650236882, 1.1892479999999999, 1046522
3.5, 1.9199999999999999, 747664, 0.0040160642570281129, 1.2274559999999999, 1046539
3.5, 1.9199999999999999, 747648, 0.0077597500755819809, 1.226496, 1046558
3.5, 1.9199999999999999, 788528, 0.0, 1.3848959999999999, 1046500
3.5, 1.9199999999999999, 747664, 0.007861318282604314, 1.2360959999999999, 1046476
3.5, 1.9199999999999999, 747664, 0.0, 1.3491839999999999, 1046495
3.5, 1.9299999999999999, 747664, 0.007861318282604314, 1.191775, 1046562
3.5, 1.9299999999999999, 747664, 0.0, 1.225743, 1046439
3.5, 1.9199999999999999, 788544, 0.0, 1.3207680000000002, 1046449
3.5, 1.9199999999999999, 747664, 0.0, 1.4161920000000001, 1046593
3.5, 2.0299999999999998, 747664, 0.0, 1.2533219999999998, 1046377
3.5, 1.9199999999999999, 747664, 0.0, 1.364544, 1046576
3.5, 1.9199999999999999, 753216, 0.0, 1.1351039999999999, 1046474
3.5, 1.9299999999999999, 747648, 0.0, 1.3874770000000001, 1046550
3.5, 1.99, 752272, 0.0, 1.2184769999999998, 1046914
3.5, 1.9199999999999999, 747664, 0.0, 1.3476479999999997, 1046554
3.5, 1.9199999999999999, 747664, 0.0076582023377670299, 1.202496, 1046591
3.5, 1.9199999999999999, 748400, 0.0, 1.270464, 1046539
3.5, 1.9199999999999999, 747648, 0.0, 1.1731199999999999, 1046507
3.5, 1.9199999999999999, 792112, 0.0, 1.3000319999999999, 1046580
3.5, 1.9199999999999999, 747648, 0.007556675062972292, 1.2186239999999999, 1046444
3.5, 1.9199999999999999, 747664, 0.012350678274954443, 1.202688, 1046509
3.5, 2.0299999999999998, 747664, 0.0, 1.2965609999999999, 1046411
3.5, 1.9199999999999999, 747648, 0.0073536818777072627, 1.2199679999999999, 1046503
3.5, 1.9199999999999999, 788544, 0.0, 1.20672, 1046389
3.5, 1.9199999999999999, 747648, 0.0, 1.2900479999999999, 1046688
3.5, 2.0299999999999998, 747664, 0.0099989900010099986, 1.1568969999999998, 1046248
3.5, 1.9199999999999999, 747648, 0.0, 1.3151999999999999, 1046441
3.5, 1.9299999999999999, 754096, 0.0039152695512498746, 1.2070219999999998, 1046459
3.5, 1.9199999999999999, 788528, 0.0, 1.2602879999999999, 1046508
3.5, 2.02, 747664, 0.0074551682450130965, 1.242704, 1046435
3.5, 1.9199999999999999, 747664, 0.0, 1.3683839999999998, 1046519
3.5, 1.9199999999999999, 752672, 0.0071507704703394088, 1.3722239999999999, 1046553
3.5, 2.0299999999999998, 747648, 0.0, 1.3264019999999999, 1046620
3.5, 2.0299999999999998, 788544, 0.0, 1.2987939999999998, 1046227
3.5, 1.9199999999999999, 747664, 0.0, 1.3067519999999999, 1046563
3.5, 1.9199999999999999, 747648, 0.015847216578626575, 1.2157439999999999, 1046559
3.5, 1.9299999999999999, 747664, 0.0, 1.2087589999999999, 1046547
3.5, 1.9099999999999999, 747648, 0.0040160642570281129, 1.2537240000000001, 1046635
3.5, 1.9299999999999999, 788544, 0.0, 1.332279, 1046590
3.5, 1.9199999999999999, 747648, 0.007556675062972292, 1.3000319999999999, 1046581
3.5, 1.9399999999999999, 747664, 0.0073536818777072627, 1.2658499999999999, 1046491
3.5, 2.0, 747648, 0.0, 1.2348000000000001, 1045390
4.0, 1.9299999999999999, 779072, 0.0083694665725521818, 1.2712910000000002, 1047191
4.0, 2.0499999999999998, 779072, 0.0, 1.2994950000000001, 1047101
4.0, 2.0499999999999998, 779072, 0.0, 1.2763299999999997, 1047042
4.0, 1.9399999999999999, 819936, 0.0, 1.260224, 1047190
4.0, 1.9399999999999999, 783664, 0.0, 1.3306460000000002, 1047157
4.0, 1.9299999999999999, 779072, 0.0, 1.1931260000000001, 1047196
4.0, 1.9399999999999999, 779072, 0.0, 1.3188120000000001, 1047121
4.0, 1.9299999999999999, 779072, 0.0, 1.276502, 1047184
4.0, 1.9399999999999999, 825888, 0.0071507704703394088, 1.310276, 1047197
4.0, 1.9299999999999999, 779056, 0.007556675062972292, 1.197951, 1047064
4.0, 1.9399999999999999, 779072, 0.0, 1.2284079999999999, 1046438
4.0, 2.0499999999999998, 779184, 0.0, 1.29314, 1047142
4.0, 1.9299999999999999, 779072, 0.007556675062972292, 1.282678, 1047196
4.0, 1.9399999999999999, 819936, 0.0, 1.2986359999999999, 1047165
4.0, 1.9299999999999999, 779072, 0.0083694665725521818, 1.228831, 1047103
4.0, 1.9399999999999999, 779056, 0.007861318282604314, 1.319394, 1047125
4.0, 1.96, 779056, 0.0, 1.2551840000000001, 1047163
4.0, 1.9299999999999999, 779056, 0.0, 1.3017850000000002, 1047025
4.0, 1.9399999999999999, 803600, 0.0, 1.2024119999999998, 1047141
4.0, 2.04, 779072, 0.0, 1.3051919999999999, 1047054
4.0, 2.0499999999999998, 779056, 0.0, 1.2611600000000001, 1047088
4.0, 1.9399999999999999, 779056, 0.0, 1.278654, 1047106
4.0, 1.9299999999999999, 779056, 0.0, 1.282678, 1047184
4.0, 2.02, 800320, 0.0, 1.223716, 1046896
4.0, 1.9299999999999999, 779072, 0.0, 1.2925209999999998, 1047164
4.0, 1.9399999999999999, 781120, 0.0, 1.2210359999999998, 1046303
4.0, 1.9399999999999999, 779072, 0.0, 1.3484940000000001, 1047203
4.0, 1.9299999999999999, 779056, 0.0, 1.3174180000000002, 1047219
4.0, 2.0499999999999998, 783088, 0.0, 1.3078999999999998, 1047105
4.0, 1.9199999999999999, 779056, 0.0073536818777072627, 1.273728, 1047477
4.0, 1.9299999999999999, 779072, 0.0, 1.371265, 1047085
4.0, 1.9299999999999999, 779072, 0.0, 1.28731, 1047038
4.0, 1.9299999999999999, 779072, 0.0, 1.2070219999999998, 1047132
4.5, 1.9299999999999999, 787232, 0.0, 1.24871, 1047708
4.5, 1.9399999999999999, 828096, 0.0083694665725521818, 1.1870859999999999, 1047650
4.5, 1.9399999999999999, 787232, 0.0, 1.3135739999999998, 1047568
4.5, 1.9299999999999999, 787232, 0.0, 1.282292, 1047582
4.5, 1.9399999999999999, 787232, 0.0, 1.227438, 1047596
4.5, 2.0499999999999998, 787232, 0.0068465565847764809, 1.3255299999999997, 1047324
4.5, 1.9399999999999999, 828112, 0.0, 1.1998900000000001, 1047572
4.5, 1.9299999999999999, 787232, 0.01461038961038961, 1.3614220000000001, 1047677
4.5, 1.9299999999999999, 787232, 0.0, 1.2568159999999999, 1047609
4.5, 2.0299999999999998, 787232, 0.0, 1.3749189999999998, 1047561
4.5, 1.9399999999999999, 787232, 0.0, 1.2939799999999999, 1047589
4.5, 1.9399999999999999, 828112, 0.0, 1.2889359999999999, 1047605
4.5, 1.9299999999999999, 787232, 0.032844453625284036, 1.2106889999999999, 1047543
4.5, 1.9399999999999999, 787232, 0.0, 1.2990239999999997, 1047657
4.5, 1.9299999999999999, 787232, 0.0, 1.234621, 1047597
4.5, 1.9299999999999999, 787232, 0.0, 1.252956, 1047609
4.5, 1.9399999999999999, 828112, 0.0, 1.2031879999999999, 1047569
4.5, 1.9299999999999999, 788704, 0.0, 1.2971529999999998, 1047576
4.5, 1.9299999999999999, 787232, 0.0, 1.3027500000000001, 1047707
4.5, 1.9299999999999999, 787216, 0.0, 1.2923279999999999, 1047654
4.5, 1.9299999999999999, 791552, 0.011122345803842266, 1.3347879999999999, 1047624
4.5, 2.0600000000000001, 828096, 0.0035122930255895631, 1.2718440000000002, 1047278
4.5, 1.9299999999999999, 787232, 0.0, 1.2925209999999998, 1047578
4.5, 1.9399999999999999, 787216, 0.007861318282604314, 1.2889359999999999, 1047633
4.5, 1.9299999999999999, 787232, 0.0, 1.3303490000000002, 1047688
4.5, 1.9399999999999999, 787232, 0.0, 1.3905920000000001, 1047581
4.5, 2.0099999999999998, 828112, 0.0, 1.319766, 1047653
4.5, 1.9299999999999999, 787232, 0.016570092507878418, 1.224585, 1047498
4.5, 1.9299999999999999, 787232, 0.0, 1.257395, 1047570
4.5, 1.9299999999999999, 787216, 0.0, 1.2969599999999999, 1047575
4.5, 1.9299999999999999, 789136, 0.0080645161290322578, 1.2436920000000002, 1047691
4.5, 1.9399999999999999, 828112, 0.0, 1.2939799999999999, 1047601
4.5, 1.9299999999999999, 791824, 0.0, 1.3313140000000001, 1047582
4.5, 1.9299999999999999, 787216, 0.0, 1.3641240000000001, 1047576
4.5, 1.9299999999999999, 787232, 0.0, 1.3751249999999999, 1047578
4.5, 2.0499999999999998, 787232, 0.0069479407914610804, 1.2962149999999997, 1047612
4.5, 1.9299999999999999, 828112, 0.0, 1.2328839999999999, 1047676
4.5, 1.9399999999999999, 787232, 0.0, 1.274386, 1047608
4.5, 1.9299999999999999, 787232, 0.0, 1.310856, 1047563
4.5, 1.9299999999999999, 787232, 0.0, 1.2724490000000002, 1047669
4.5, 1.9399999999999999, 792016, 0.0, 1.2751619999999999, 1047610
4.5, 1.9299999999999999, 828096, 0.0, 1.282292, 1047580
4.5, 1.9299999999999999, 787216, 0.0, 1.3228220000000002, 1047510
4.5, 1.9299999999999999, 787216, 0.0, 1.28731, 1047652
4.5, 1.9399999999999999, 787232, 0.0, 1.2658499999999999, 1047648
4.5, 1.9399999999999999, 788720, 0.0, 1.2685660000000001, 1047508
4.5, 1.9299999999999999, 794752, 0.0, 1.350228, 1047574
4.5, 1.9399999999999999, 828112, 0.0040160642570281129, 1.2939799999999999, 1047534
4.5, 1.9299999999999999, 787840, 0.0, 1.262027, 1047623
4.5, 1.9399999999999999, 787232, 0.0, 1.2838920000000003, 1047596
