number, time, memory, ratio, thread, mutex
1.0, 1.8999999999999999, 376128, 0.0040160642570281129, 1.24716, 1048576
1.0, 1.8999999999999999, 376128, 0.0, 1.2969400000000002, 1048576
1.0, 1.8999999999999999, 376128, 0.0, 1.2327199999999998, 1048576
1.0, 1.8999999999999999, 376128, 0.0, 1.2418400000000001, 1048576
1.0, 2.0499999999999998, 379456, 0.0034115994380895047, 1.2279499999999999, 1048576
51.0, 1.21, 390560, 0.0, 0.827156, 669142
51.0, 1.1899999999999999, 390592, 0.0, 0.82145699999999988, 665229
51.0, 1.1899999999999999, 391216, 0.0, 0.85049299999999983, 672823
51.0, 1.2, 407360, 0.006238679814852083, 0.81287999999999994, 612031
51.0, 1.2, 390400, 0.006238679814852083, 0.79799999999999993, 614242
101.0, 1.1699999999999999, 422560, 0.0, 0.80987399999999998, 664681
101.0, 1.1799999999999999, 414224, 0.0, 0.82198799999999994, 657058
101.0, 1.22, 415776, 0.0, 0.84619199999999994, 668417
101.0, 1.1799999999999999, 414464, 0.0060362173038229373, 0.78233999999999992, 665255
101.0, 1.1699999999999999, 422016, 0.0, 0.78366600000000008, 658702
151.0, 1.1799999999999999, 391072, 0.003109639883639282, 0.80405199999999999, 664934
151.0, 1.1599999999999999, 400224, 0.0, 0.82499200000000006, 662086
151.0, 1.1799999999999999, 391184, 0.0, 0.74611399999999994, 661555
151.0, 1.1799999999999999, 391152, 0.0, 0.82434799999999997, 604488
151.0, 1.1799999999999999, 391360, 0.0070493454179254783, 0.78434599999999988, 667680
201.0, 1.1699999999999999, 399504, 0.0, 0.83561399999999997, 660471
201.0, 1.1499999999999999, 390400, 0.0, 0.78671499999999994, 611837
201.0, 1.1599999999999999, 390304, 0.0, 0.77870799999999984, 656508
201.0, 1.1699999999999999, 390656, 0.0, 0.79255799999999998, 652706
201.0, 1.1599999999999999, 390544, 0.0, 0.78021600000000002, 654074
251.0, 1.1899999999999999, 393216, 0.0058338362502514578, 0.834785, 651860
251.0, 1.1799999999999999, 393232, 0.012248203259439214, 0.81797599999999993, 654051
251.0, 1.1899999999999999, 393136, 0.0, 0.83121499999999982, 660549
251.0, 1.1699999999999999, 393008, 0.0, 0.83619899999999991, 661741
251.0, 1.1799999999999999, 393344, 0.012248203259439214, 0.80853599999999981, 659843
301.0, 1.1699999999999999, 393104, 0.0, 0.82286100000000006, 655986
301.0, 1.1799999999999999, 392976, 0.0, 0.82068999999999992, 617809
301.0, 1.1699999999999999, 393088, 0.0061374383740818994, 0.81595799999999985, 656721
301.0, 1.1599999999999999, 393152, 0.0056315366049879334, 0.81501599999999996, 657077
301.0, 1.1699999999999999, 392992, 0.0059350165979277737, 0.84696299999999991, 602307
351.0, 1.1899999999999999, 394080, 0.0, 0.81181799999999993, 658738
351.0, 1.1699999999999999, 394112, 0.0099989900010099986, 0.74704499999999996, 661731
351.0, 1.1599999999999999, 393984, 0.0, 0.84343599999999985, 657124
351.0, 1.1699999999999999, 394512, 0.0058338362502514578, 0.805311, 656891
351.0, 1.1699999999999999, 394384, 0.0, 0.82871099999999998, 656159
401.0, 1.1699999999999999, 394512, 0.0, 0.79665300000000006, 624923
401.0, 1.1699999999999999, 394640, 0.006238679814852083, 0.80706599999999995, 607852
401.0, 1.1599999999999999, 394608, 0.0, 0.77615599999999985, 656158
401.0, 1.1599999999999999, 395040, 0.0063399416322833854, 0.76397599999999999, 711148
401.0, 1.1599999999999999, 403824, 0.0064412238325281803, 0.8058519999999999, 659722
451.0, 1.1799999999999999, 395488, 0.01286336473209764, 0.77714799999999995, 657864
451.0, 1.1699999999999999, 395760, 0.0058338362502514578, 0.81408599999999998, 627911
451.0, 1.1899999999999999, 395472, 0.0, 0.79920399999999991, 647056
451.0, 1.1100000000000001, 404880, 0.0, 0.712287, 611510
451.0, 1.1599999999999999, 395520, 0.006643849406080129, 0.75597199999999998, 706203
